lr0: 0.00718
lrf: 0.00974
momentum: 0.93197
weight_decay: 0.00055
warmup_epochs: 3.36666
warmup_momentum: 0.85781
box: 4.72259
cls: 0.5465
dfl: 1.92783
hsv_h: 0.02044
hsv_s: 0.31706
hsv_v: 0.45266
degrees: 0.0
translate: 0.18063
scale: 0.35211
shear: 0.0
perspective: 0.0
flipud: 0.0
fliplr: 0.21613
bgr: 0.0
mosaic: 1.0
mixup: 0.0
copy_paste: 0.0
task: 'detect'
